clostridium,RSV,rotavirus,salmonella,YEAR_,QUARTER_,DATE_
2569.0,56.0,814.0,1500.0,1996.0,3.0,Q3 1996
2876.0,5117.0,840.0,815.0,1996.0,4.0,Q4 1996
4913.0,4413.0,6830.0,560.0,1997.0,1.0,Q1 1997
3594.0,211.0,6382.0,966.0,1997.0,2.0,Q2 1997
3639.0,128.0,809.0,1095.0,1997.0,3.0,Q3 1997
3688.0,8081.0,918.0,589.0,1997.0,4.0,Q4 1997
4649.0,2458.0,5843.0,403.0,1998.0,1.0,Q1 1998
4521.0,209.0,6187.0,424.0,1998.0,2.0,Q2 1998
3955.0,169.0,1248.0,828.0,1998.0,3.0,Q3 1998
4009.0,7329.0,1530.0,404.0,1998.0,4.0,Q4 1998
6091.0,1967.0,9104.0,193.0,1999.0,1.0,Q1 1999
4238.0,199.0,4038.0,254.0,1999.0,2.0,Q2 1999
4303.0,179.0,693.0,422.0,1999.0,3.0,Q3 1999
4113.0,7468.0,1168.0,195.0,1999.0,4.0,Q4 1999
6764.0,1672.0,11188.0,169.0,2000.0,1.0,Q1 2000
4847.0,134.0,4598.0,242.0,2000.0,2.0,Q2 2000
4178.0,104.0,386.0,687.0,2000.0,3.0,Q3 2000
4784.0,6554.0,624.0,217.0,2000.0,4.0,Q4 2000
6134.0,2727.0,8838.0,139.0,2001.0,1.0,Q1 2001
5186.0,165.0,6280.0,169.0,2001.0,2.0,Q2 2001
5124.0,98.0,766.0,390.0,2001.0,3.0,Q3 2001
5196.0,4499.0,897.0,248.0,2001.0,4.0,Q4 2001
7215.0,3132.0,6797.0,252.0,2002.0,1.0,Q1 2002
6789.0,213.0,6556.0,178.0,2002.0,2.0,Q2 2002
6785.0,146.0,521.0,272.0,2002.0,3.0,Q3 2002
7130.0,5144.0,886.0,174.0,2002.0,4.0,Q4 2002
8649.0,1721.0,8696.0,111.0,2003.0,1.0,Q1 2003
7939.0,190.0,5309.0,110.0,2003.0,2.0,Q2 2003
